NY=  17
 1.000E+00 1.000E+00 1.000E+00 1.000E+00 1.000E+00 1.000E+00 1.000E+00 1.000E+00
 1.000E+00 1.000E+00 1.000E+00 1.000E+00 1.000E+00 1.000E+00 1.000E+00 1.000E+00
 1.000E+00
   1     1  1.000E+01
   2     2  1.000E+01
   3     3  4.200E+01
   3     4  9.000E+00
   3     5  8.000E+00
   3     6  9.000E+00
   3     7  7.000E+00
   3     8  5.000E+00
   3     9  2.000E+00
   3    10  2.000E+00
   3    11  2.000E+00
   3    12  2.000E+00
   3    13  2.000E+00
   3    14  2.000E+00
   3    16  2.000E+00
   3    17  1.000E+00
   4     3  1.400E+01
   4     4  1.900E+01
   4     5  3.000E+00
   4     6  2.000E+00
   4     7  1.000E+00
   4     8  1.000E+00
   5     3  7.000E+00
   5     4  3.000E+00
   5     5  1.800E+01
   5     6  3.000E+00
   5     7  1.000E+00
   5     8  1.000E+00
   6     3  9.000E+00
   6     4  3.000E+00
   6     5  3.000E+00
   6     6  1.900E+01
   6     7  4.000E+00
   6     8  1.000E+00
   7     3  7.000E+00
   7     4  1.000E+00
   7     5  1.000E+00
   7     6  4.000E+00
   7     7  1.700E+01
   7     8  2.000E+00
   8     3  5.000E+00
   8     4  1.000E+00
   8     5  2.000E+00
   8     6  1.000E+00
   8     7  2.000E+00
   8     8  1.500E+01
   8     9  1.000E+00
   9     3  2.000E+00
   9     8  1.000E+00
   9     9  1.200E+01
   9    10  1.000E+00
  10     3  2.000E+00
  10     9  1.000E+00
  10    10  1.200E+01
  10    11  1.000E+00
  11     3  2.000E+00
  11    10  1.000E+00
  11    11  1.200E+01
  11    12  1.000E+00
  12     3  2.000E+00
  12    11  1.000E+00
  12    12  1.200E+01
  12    13  1.000E+00
  13     3  2.000E+00
  13    12  1.000E+00
  13    13  1.200E+01
  13    14  1.000E+00
  14     3  2.000E+00
  14    13  1.000E+00
  14    14  1.200E+01
  14    16  1.000E+00
  15    15  1.000E+01
  16     3  2.000E+00
  16    14  1.000E+00
  16    16  1.200E+01
  16    17  1.000E+00
  17     3  1.000E+00
  17    16  1.000E+00
  17    17  1.100E+01
